GRL: 
Total: 194 runs

periodB: (19 here)
348885
348894
348895
349011
349014
349033
349051
349111
349114
349169
349268
349309
349327
349335
349451
349481
349498
349526
349533

periodC: (17 here)
349534
349582
349592
349637
349646
349693
349841
349842
349944
349977
350013
350067
350121
350144
350160
350184
350220

periodD: (31 here)
350310
350361
350440
350479
350531
350682
350749
350751
350803
350842
350848
350880
350923
351062
351160
351223
351296
351325
351359
351364
351455
351550
351628
351636
351671
351698
351832
351894
351969
352056
352107

periodF: (7 here)
352274
352340
352394
352436
352448
352494
352514

periodI: (2 here)
355261
355273

periodK: (18 here)
355529
355544
355563
355599
355650
355651
355754
355848
355861
355877
355995
356077
356095
356124
356177
356205
356250
356259

periodL: (37 here)
357193
357283
357293
357355
357409
357451
357500
357539
357620
357679
357713
357750
357772
357821
357887
357962
358031
358096
358115
358175
358215
358233
358300
358325
358333
358395
358516
358541
358577
358615
358656
358985
359010
359058
359124
359170
359171

periodM: (31 here)
359191
359279
359286
359310
359355
359398
359441
359472
359541
359586
359593
359623
359677
359678
359717
359735
359766
359823
359872
359918
360026
360063
360129
360161
360209
360244
360293
360309
360348
360373
360402

periodO: (19 here)
361738
361795
361862
362204
362297
362345
362354
362388
362445
362552
362619
362661
362776
363033
363096
363129
363198
363262
363400

periodQ: (13 here)
363664
363710
363738
363830
363910
363947
363979
364030
364076
364098
364160
364214
364292