Total: 186 runs

periodB: (32 here)
325713
325790
326439
326446
326468
326551
326657
326695
326834
326870
326923
326945
327057
327103
327265
327342
327490
327582
327636
327662
327745
327761
327764
327860
327862
328042
328099
328221
328263
328333
328374
328393

periodC: (16 here)
329716
329778
329780
329829
329835
329869
329964
330025
330074
330079
330101
330160
330166
330203
330294
330470

periodD: (19 here)
331033
331082
331085
331129
331215
331239
331697
331710
331742
331772
331804
331825
331860
331875
331905
331951
331975
332303
332304

periodE: (36 here)
332720
332896
332915
332953
332955
333181
333192
333367
333380
333426
333469
333487
333519
333650
333707
333778
333828
333853
333904
333979
333994
334264
334317
334350
334384
334413
334443
334455
334487
334564
334580
334588
334637
334678
334737
334779

periodF: (18 here)
334842
334849
334878
334890
334907
334960
334993
335016
335022
335056
335082
335083
335131
335170
335177
335222
335282
335290

periodH: (7 here)
336506
336548
336567
336630
336678
336719
336782

periodI: (22 here)
336832
336852
336915
336927
336944
336998
337005
337052
337107
337156
337176
337215
337263
337335
337371
337404
337451
337491
337542
337662
337705
337833

periodK: (36 here)
338183
338220
338259
338263
338349
338377
338480
338498
338608
338675
338712
338767
338834
338846
338897
338933
338967
338987
339037
339070
339205
339346
339387
339396
339435
339500
339535
339562
339590
339758
339849
339957
340030
340072
340368
340453